name: genome-slicer
channels:
  - conda-forge
  - bioconda
  - defaults
dependencies:
  - _libgcc_mutex=0.1=conda_forge
  - _openmp_mutex=4.5=2_gnu
  - blast=2.12.0=hf3cf87c_4
  - bzip2=1.0.8=h7f98852_4
  - c-ares=1.18.1=h7f98852_0
  - ca-certificates=2022.5.18.1=ha878542_0
  - curl=7.83.1=h2283fc2_0
  - entrez-direct=16.2=he881be0_0
  - keyutils=1.6.1=h166bdaf_0
  - krb5=1.19.3=h08a2579_0
  - ld_impl_linux-64=2.36.1=hea4e1c9_2
  - libblas=3.9.0=15_linux64_openblas
  - libcblas=3.9.0=15_linux64_openblas
  - libcurl=7.83.1=h2283fc2_0
  - libedit=3.1.20210910=h7f8727e_0
  - libev=4.33=h516909a_1
  - libffi=3.4.2=h7f98852_5
  - libgcc-ng=12.1.0=h8d9b700_16
  - libgfortran-ng=12.1.0=h69a702a_16
  - libgfortran5=12.1.0=hdcd56e2_16
  - libgomp=12.1.0=h8d9b700_16
  - liblapack=3.9.0=15_linux64_openblas
  - libnghttp2=1.47.0=he49606f_0
  - libnsl=2.0.0=h7f98852_0
  - libopenblas=0.3.20=pthreads_h78a6416_0
  - libssh2=1.10.0=ha35d2d1_2
  - libstdcxx-ng=12.1.0=ha89aaad_16
  - libuuid=2.32.1=h7f98852_1000
  - libzlib=1.2.12=h166bdaf_0
  - ncurses=6.3=h27087fc_1
  - numpy=1.22.4=py310h4ef5377_0
  - openssl=3.0.3=h166bdaf_0
  - pandas=1.4.2=py310h769672d_2
  - pcre=8.45=h9c3ff4c_0
  - perl=5.32.1=2_h7f98852_perl5
  - perl-archive-tar=2.40=pl5321hdfd78af_0
  - perl-carp=1.50=pl5321hd8ed1ab_0
  - perl-common-sense=3.75=pl5321hdfd78af_0
  - perl-compress-raw-bzip2=2.103=pl5321h87f3376_0
  - perl-compress-raw-zlib=2.105=pl5321h87f3376_0
  - perl-encode=3.17=pl5321hec16e2b_0
  - perl-exporter=5.74=pl5321hd8ed1ab_0
  - perl-exporter-tiny=1.002002=pl5321hdfd78af_0
  - perl-extutils-makemaker=7.64=pl5321hd8ed1ab_0
  - perl-io-compress=2.106=pl5321h87f3376_0
  - perl-io-zlib=1.11=pl5321hdfd78af_0
  - perl-json=4.06=pl5321hdfd78af_0
  - perl-json-xs=2.34=pl5321h9f5acd7_5
  - perl-list-moreutils=0.430=pl5321hdfd78af_0
  - perl-list-moreutils-xs=0.430=pl5321hec16e2b_1
  - perl-parent=0.238=pl5321hd8ed1ab_0
  - perl-pathtools=3.75=pl5321hec16e2b_3
  - perl-scalar-list-utils=1.62=pl5321hec16e2b_0
  - perl-types-serialiser=1.01=pl5321hdfd78af_0
  - pip=22.1.2=pyhd8ed1ab_0
  - python=3.10.4=h2660328_0_cpython
  - python-dateutil=2.8.2=pyhd8ed1ab_0
  - python_abi=3.10=2_cp310
  - pytz=2022.1=pyhd8ed1ab_0
  - readline=8.1=h46c0cb4_0
  - setuptools=62.3.3=py310hff52083_0
  - six=1.16.0=pyh6c4a22f_0
  - sqlite=3.38.5=h4ff8645_0
  - tk=8.6.12=h27826a3_0
  - tzdata=2022a=h191b570_0
  - wheel=0.37.1=pyhd8ed1ab_0
  - xz=5.2.5=h516909a_1
  - zlib=1.2.12=h166bdaf_0
prefix: /home/michaelke/anaconda3/envs/genome-slicer
